{"ModelIndex":0,"ModelColors":[{"r":0.7137255072593689,"g":0.13333334028720857,"b":0.09019608050584793,"a":1.0},{"r":0.8588235974311829,"g":0.4235294461250305,"b":0.2352941334247589,"a":1.0},{"r":0.9647059440612793,"g":0.6941176652908325,"b":0.2352941334247589,"a":1.0}],"LogoIndex":0,"LogoColors":[{"r":0.9647059440612793,"g":0.6941176652908325,"b":0.2352941334247589,"a":1.0},{"r":0.8588235974311829,"g":0.4235294461250305,"b":0.2352941334247589,"a":1.0},{"r":0.7137255072593689,"g":0.13333334028720857,"b":0.09019608050584793,"a":1.0}],"TeamName":"TIGErr"}